# series; 19; o,h,l,c,v
20180201T,143.39999,146.17,143.13,145.39,37517540.0
20180202T,145.67999,146.78,142.88,144.0,39088200.0
20180205T,142.87,145.2,142.3,144.53,33108270.0
20180206T,141.50999,142.82001,140.39999,141.59,52073080.0
20180207T,142.42999,143.39,141.0,141.0,32948170.0
20180208T,140.48,140.85001,137.14,137.2,42717220.0
,20180209T,135.99001,136.7,132.8,135.56,53423820.0
20180212T,136.95,138.10001,136.03,137.3,29441900.0
20180213T,138.12,140.10001,137.45,139.85001,36439250.0
20180214T,140.00999,140.57001,137.02,138.89,34125140.0
20180215T,139.77,140.99001,137.06,137.06,29141610.0
20180216T,137.84,139.49001,136.77,137.06,24646990.0
20180219T,137.36,138.7,137.13,138.31,14462230.0
20180220T,138.78,144.28999,138.78,141.32001,62791120.0
20180221T,140.89999,144.0,140.53,144.0,24899470.0
20180222T,143.49001,145.97,142.63,145.97,29893120.0
20180226T,148.5,149.98,146.42,147.0,37279400.0
20180227T,147.2,147.49001,144.85001,146.5,24777520.0
20180228T,145.5,145.75,142.25,143.16,36284260.0
